1  192.168.13.68:64690  135.181.186.110:16900  55  Send  
0000  64 00 14 00 00 00 66 62 73 64 00 00 00 00 00 00    d.....fbsd......
0010  00 00 00 00 00 00 00 00 00 00 00 00 00 00 50 61    ..............Pa
0020  7A 73 31 31 32 32 00 00 00 00 00 00 00 00 00 00    zs1122..........
0030  00 00 00 00 00 00 19                               .......

2  135.181.186.110:16900  192.168.13.68:64690  23  Recv  
0000  6A 00 01 00 00 00 00 00 00 00 00 00 00 00 00 00    j...............
0010  00 00 00 00 00 00 00                               .......

3  192.168.13.68:56965  135.181.186.110:16900  55  Send  
0000  64 00 14 00 00 00 66 62 73 64 00 00 00 00 00 00    d.....fbsd......
0010  00 00 00 00 00 00 00 00 00 00 00 00 00 00 50 61    ..............Pa
0020  73 73 31 31 32 32 00 00 00 00 00 00 00 00 00 00    ss1122..........
0030  00 00 00 00 00 00 19                               .......

4  135.181.186.110:16900  192.168.13.68:56965  79  Recv  
0000  69 00 4F 00 4D E6 41 29 64 85 1E 00 28 D6 65 6D    i.O.M.A)d...(.em
0010  00 00 00 00 00 00 00 00 00 00 00 00 00 00 00 00    ................
0020  00 00 00 00 00 00 00 00 00 00 00 00 00 00 01 87    ................
0030  B5 BA 6E F9 3E 75 41 74 68 65 6E 61 00 00 00 00    ..n.>uAthena....
0040  00 00 00 00 00 00 00 00 00 0F 01 00 00 00 00       ...............

5  192.168.13.68:56968  135.181.186.110:16121  17  Send  
0000  65 00 64 85 1E 00 4D E6 41 29 28 D6 65 6D 00 00    e.d...M.A)(.em..
0010  01                                                 .

6  135.181.186.110:16121  192.168.13.68:56968  1000  Recv  
0000  64 85 1E 00 6B 00 E4 03 00 00 00 00 00 00 00 00    d...k...........
0010  00 00 00 00 00 00 00 00 00 00 00 00 90 00 00 00    ................
0020  00 00 00 00 00 00 00 00 00 00 00 00 01 00 00 00    ................
0030  00 00 00 00 00 00 00 00 00 00 00 00 00 00 00 00    ................
0040  00 00 00 00 00 00 28 00 28 00 0B 00 0B 00 96 00    ......(.(.......
0050  00 00 01 00 01 00 01 00 01 00 00 00 00 00 00 00    ................
0060  00 00 00 00 00 00 7E 7E 7E 7E 00 00 00 00 00 00    ......~~~~......
0070  00 00 00 00 00 00 00 00 00 00 00 00 00 00 09 09    ................
0080  01 01 09 01 01 00 01 00 91 00 00 00 00 00 00 00    ................
0090  00 00 00 00 00 00 00 00 01 00 00 00 00 00 00 00    ................
00A0  00 00 00 00 00 00 00 00 00 00 00 00 00 00 00 00    ................
00B0  00 00 28 00 28 00 0B 00 0B 00 96 00 00 00 00 00    ..(.(...........
00C0  00 00 01 00 01 00 00 00 00 00 00 00 00 00 00 00    ................
00D0  00 00 60 60 60 60 00 00 00 00 00 00 00 00 00 00    ..````..........
00E0  00 00 00 00 00 00 00 00 00 00 09 09 01 01 09 01    ................
00F0  02 00 01 00 92 00 00 00 00 00 00 00 00 00 00 00    ................
0100  00 00 00 00 01 00 00 00 00 00 00 00 00 00 00 00    ................
0110  00 00 00 00 00 00 00 00 00 00 00 00 00 00 28 00    ..............(.
0120  28 00 0B 00 0B 00 96 00 00 00 01 00 01 00 01 00    (...............
0130  01 00 00 00 00 00 00 00 00 00 00 00 00 00 21 21    ..............!!
0140  21 21 00 00 00 00 00 00 00 00 00 00 00 00 00 00    !!..............
0150  00 00 00 00 00 00 09 09 01 01 09 01 03 00 01 00    ................
0160  93 00 00 00 00 00 00 00 00 00 00 00 00 00 00 00    ................
0170  01 00 00 00 00 00 00 00 00 00 00 00 00 00 00 00    ................
0180  00 00 00 00 00 00 00 00 00 00 28 00 28 00 0B 00    ..........(.(...
0190  0B 00 96 00 00 00 01 00 01 00 01 00 01 00 00 00    ................
01A0  00 00 00 00 00 00 00 00 00 00 7B 7D 7B 7D 00 00    ..........{}{}..
01B0  00 00 00 00 00 00 00 00 00 00 00 00 00 00 00 00    ................
01C0  00 00 09 09 01 01 09 01 04 00 01 00 94 00 00 00    ................
01D0  00 00 00 00 00 00 00 00 00 00 00 00 01 00 00 00    ................
01E0  00 00 00 00 00 00 00 00 00 00 00 00 00 00 00 00    ................
01F0  00 00 00 00 00 00 28 00 28 00 0B 00 0B 00 96 00    ......(.(.......
0200  00 00 01 00 01 00 01 00 01 00 00 00 00 00 00 00    ................
0210  00 00 00 00 00 00 5B 5B 5D 5D 00 00 00 00 00 00    ......[[]]......
0220  00 00 00 00 00 00 00 00 00 00 00 00 00 00 09 09    ................
0230  01 01 09 01 05 00 01 00 95 00 00 00 00 00 00 00    ................
0240  00 00 00 00 00 00 00 00 01 00 00 00 00 00 00 00    ................
0250  00 00 00 00 00 00 00 00 00 00 00 00 00 00 00 00    ................
0260  00 00 28 00 28 00 0B 00 0B 00 96 00 00 00 01 00    ..(.(...........
0270  01 00 01 00 01 00 00 00 00 00 00 00 00 00 00 00    ................
0280  00 00 3D 3D 3D 3D 00 00 00 00 00 00 00 00 00 00    ..====..........
0290  00 00 00 00 00 00 00 00 00 00 09 09 01 01 09 01    ................
02A0  06 00 01 00 96 00 00 00 00 00 00 00 00 00 00 00    ................
02B0  00 00 00 00 01 00 00 00 00 00 00 00 00 00 00 00    ................
02C0  00 00 00 00 00 00 00 00 00 00 00 00 00 00 28 00    ..............(.
02D0  28 00 0B 00 0B 00 96 00 00 00 01 00 01 00 01 00    (...............
02E0  01 00 00 00 00 00 00 00 00 00 00 00 00 00 2B 2B    ..............++
02F0  2B 2B 00 00 00 00 00 00 00 00 00 00 00 00 00 00    ++..............
0300  00 00 00 00 00 00 09 09 01 01 09 01 07 00 01 00    ................
0310  97 00 00 00 00 00 00 00 00 00 00 00 00 00 00 00    ................
0320  01 00 00 00 00 00 00 00 00 00 00 00 00 00 00 00    ................
0330  00 00 00 00 00 00 00 00 00 00 28 00 28 00 0B 00    ..........(.(...
0340  0B 00 96 00 00 00 01 00 01 00 01 00 01 00 00 00    ................
0350  00 00 00 00 00 00 00 00 00 00 28 29 28 29 00 00    ..........()()..
0360  00 00 00 00 00 00 00 00 00 00 00 00 00 00 00 00    ................
0370  00 00 09 09 01 01 09 01 08 00 01 00 A2 00 00 00    ................
0380  E3 32 33 01 7A 49 77 00 24 D5 6A 00 3A 00 00 00    .23.zIw.$.j.:...
0390  00 00 00 00 00 00 00 00 00 00 00 00 00 00 00 00    ................
03A0  00 00 00 00 01 00 1B 19 1B 19 EB 01 D7 01 96 00    ................
03B0  AD 0F 01 00 10 00 5A 00 08 00 00 00 00 00 99 00    ......Z.........
03C0  00 00 00 00 00 00 2D 2D 2D 2D 00 00 00 00 00 00    ......----......
03D0  00 00 00 00 00 00 00 00 00 00 00 00 00 00 20 63    .............. c
03E0  01 02 14 48 00 00 01 00                            ...H....

7  192.168.13.68:56968  135.181.186.110:16121  6  Send  
0000  87 01 64 85 1E 00                                  ..d...

8  192.168.13.68:56968  135.181.186.110:16121  3  Send  
0000  66 00 00                                           f..

9  135.181.186.110:16121  192.168.13.68:56968  28  Recv  
0000  71 00 A2 00 00 00 61 6D 61 74 73 75 2E 67 61 74    q.....amatsu.gat
0010  00 00 00 00 00 00 87 B5 BA 6E 11 3B                .........n.;

10  192.168.13.68:56970  135.181.186.110:15121  26  Send  
0000  9B 00 64 00 64 85 1E 00 00 A2 00 00 00 65 63 31    ..d.d........ec1
0010  00 4D E6 41 29 0E DC CD 02 01                      .M.A).....

11  135.181.186.110:15121  192.168.13.68:56970  1644  Recv  
0000  64 85 1E 00 73 00 94 D0 B4 B6 1E 49 20 05 05 8E    d...s......I ...
0010  00 27 00 57 65 6C 63 6F 6D 65 20 74 6F 20 75 61    .'.Welcome to ua
0020  52 4F 21 20 56 69 73 69 74 20 6F 75 72 20 46 6F    RO! Visit our Fo
0030  72 75 6D 73 21 00 97 00 39 00 55 61 52 4F 00 6E    rums!...9.UaRO.n
0040  61 00 F4 0F 67 56 01 00 00 00 71 75 65 5F 6D 6F    a...gV....que_mo
0050  6F 00 4E 69 67 68 74 20 4D 6F 64 65 20 69 73 20    o.Night Mode is 
0060  61 6C 72 65 61 64 79 20 61 63 74 69 76 65 00 0F    already active..
0070  01 10 04 01 00 00 00 00 00 09 00 00 00 00 00 4E    ...............N
0080  56 5F 42 41 53 49 43 00 00 00 00 00 00 00 00 00    V_BASIC.........
0090  00 00 00 00 00 00 00 00 30 00 00 00 00 00 0A 00    ........0.......
00A0  00 00 01 00 54 46 5F 44 4F 55 42 4C 45 00 00 00    ....TF_DOUBLE...
00B0  00 00 00 00 00 00 00 00 00 00 00 00 00 31 00 00    .............1..
00C0  00 00 00 0A 00 00 00 00 00 54 46 5F 4D 49 53 53    .........TF_MISS
00D0  00 00 00 00 00 00 00 00 00 00 00 00 00 00 00 00    ................
00E0  00 00 32 00 01 00 00 00 08 00 0A 00 01 00 54 46    ..2...........TF
00F0  5F 53 54 45 41 4C 00 00 00 00 00 00 00 00 00 00    _STEAL..........
0100  00 00 00 00 00 00 01 33 00 04 00 00 00 0A 00 0A    .......3........
0110  00 01 00 54 46 5F 48 49 44 49 4E 47 00 00 00 00    ...TF_HIDING....
0120  00 00 00 00 00 00 00 00 00 00 00 00 34 00 01 00    ............4...
0130  00 00 0A 00 0C 00 02 00 54 46 5F 50 4F 49 53 4F    ........TF_POISO
0140  4E 00 00 00 00 00 00 00 00 00 00 00 00 00 00 00    N...............
0150  00 35 00 10 00 00 00 01 00 0A 00 09 00 54 46 5F    .5...........TF_
0160  44 45 54 4F 58 49 46 59 00 00 00 00 00 00 00 00    DETOXIFY........
0170  00 00 00 00 00 00 84 00 00 00 00 00 03 00 00 00    ................
0180  00 00 41 53 5F 52 49 47 48 54 00 00 00 00 00 00    ..AS_RIGHT......
0190  00 00 00 00 00 00 00 00 00 00 01 85 00 00 00 00    ................
01A0  00 00 00 00 00 00 00 41 53 5F 4C 45 46 54 00 00    .......AS_LEFT..
01B0  00 00 00 00 00 00 00 00 00 00 00 00 00 00 00 01    ................
01C0  86 00 00 00 00 00 0A 00 00 00 00 00 41 53 5F 4B    ............AS_K
01D0  41 54 41 52 00 00 00 00 00 00 00 00 00 00 00 00    ATAR............
01E0  00 00 00 00 00 87 00 04 00 00 00 03 00 0F 00 00    ................
01F0  00 41 53 5F 43 4C 4F 41 4B 49 4E 47 00 00 00 00    .AS_CLOAKING....
0200  00 00 00 00 00 00 00 00 00 01 88 00 01 00 00 00    ................
0210  0A 00 22 00 01 00 41 53 5F 53 4F 4E 49 43 42 4C    .."...AS_SONICBL
0220  4F 57 00 00 00 00 00 00 00 00 00 00 00 00 00 89    OW..............
0230  00 01 00 00 00 05 00 03 00 07 00 41 53 5F 47 52    ...........AS_GR
0240  49 4D 54 4F 4F 54 48 00 00 00 00 00 00 00 00 00    IMTOOTH.........
0250  00 00 00 00 8A 00 10 00 00 00 06 00 14 00 01 00    ................
0260  41 53 5F 45 4E 43 48 41 4E 54 50 4F 49 53 4F 4E    AS_ENCHANTPOISON
0270  00 00 00 00 00 00 00 00 01 8B 00 04 00 00 00 00    ................
0280  00 00 00 00 00 41 53 5F 50 4F 49 53 4F 4E 52 45    .....AS_POISONRE
0290  41 43 54 00 00 00 00 00 00 00 00 00 00 01 8C 00    ACT.............
02A0  02 00 00 00 00 00 00 00 00 00 41 53 5F 56 45 4E    ..........AS_VEN
02B0  4F 4D 44 55 53 54 00 00 00 00 00 00 00 00 00 00    OMDUST..........
02C0  00 00 01 8E 00 04 00 00 00 01 00 03 00 00 00 4E    ...............N
02D0  56 5F 46 49 52 53 54 41 49 44 00 00 00 00 00 00    V_FIRSTAID......
02E0  00 00 00 00 00 00 00 00 95 00 01 00 00 00 01 00    ................
02F0  09 00 01 00 54 46 5F 53 50 52 49 4E 4B 4C 45 53    ....TF_SPRINKLES
0300  41 4E 44 00 00 00 00 00 00 00 00 00 00 96 00 04    AND.............
0310  00 00 00 01 00 07 00 00 00 54 46 5F 42 41 43 4B    .........TF_BACK
0320  53 4C 49 44 49 4E 47 00 00 00 00 00 00 00 00 00    SLIDING.........
0330  00 00 97 00 04 00 00 00 01 00 03 00 00 00 54 46    ..............TF
0340  5F 50 49 43 4B 53 54 4F 4E 45 00 00 00 00 00 00    _PICKSTONE......
0350  00 00 00 00 00 00 00 98 00 01 00 00 00 01 00 02    ................
0360  00 07 00 54 46 5F 54 48 52 4F 57 53 54 4F 4E 45    ...TF_THROWSTONE
0370  00 00 00 00 00 00 00 00 00 00 00 00 78 01 00 00    ............x...
0380  00 00 05 00 00 00 00 00 41 53 43 5F 4B 41 54 41    ........ASC_KATA
0390  52 00 00 00 00 00 00 00 00 00 00 00 00 00 00 00    R...............
03A0  00 7A 01 04 00 00 00 05 00 64 00 00 00 41 53 43    .z.......d...ASC
03B0  5F 45 44 50 00 00 00 00 00 00 00 00 00 00 00 00    _EDP............
03C0  00 00 00 00 00 00 7B 01 01 00 00 00 01 00 14 00    ......{.........
03D0  09 00 41 53 43 5F 42 52 45 41 4B 45 52 00 00 00    ..ASC_BREAKER...
03E0  00 00 00 00 00 00 00 00 00 00 01 96 01 04 00 00    ................
03F0  00 00 00 00 00 00 00 41 53 43 5F 4D 45 54 45 4F    .......ASC_METEO
0400  52 41 53 53 41 55 4C 54 00 00 00 00 00 00 00 01    RASSAULT........
0410  97 01 04 00 00 00 01 00 32 00 00 00 41 53 43 5F    ........2...ASC_
0420  43 44 50 00 00 00 00 00 00 00 00 00 00 00 00 00    CDP.............
0430  00 00 00 00 00 EB 03 00 00 00 00 01 00 00 00 00    ................
0440  00 41 53 5F 53 4F 4E 49 43 41 43 43 45 4C 00 00    .AS_SONICACCEL..
0450  00 00 00 00 00 00 00 00 00 00 EC 03 01 00 00 00    ................
0460  01 00 0F 00 09 00 41 53 5F 56 45 4E 4F 4D 4B 4E    ......AS_VENOMKN
0470  49 46 45 00 00 00 00 00 00 00 00 00 00 00 00 B0    IFE.............
0480  00 00 00 87 00 00 00 B0 00 18 00 7C 15 00 00 B0    ...........|....
0490  00 19 00 40 83 00 00 41 01 0D 00 00 00 20 00 00    ...@...A..... ..
04A0  00 08 00 00 00 41 01 0E 00 00 00 63 00 00 00 15    .....A.....c....
04B0  00 00 00 41 01 0F 00 00 00 01 00 00 00 02 00 00    ...A............
04C0  00 41 01 10 00 00 00 02 00 00 00 00 00 00 00 41    .A.............A
04D0  01 11 00 00 00 14 00 00 00 08 00 00 00 41 01 12    .............A..
04E0  00 00 00 48 00 00 00 08 00 00 00 B0 00 31 00 76    ...H.........1.v
04F0  00 00 00 B0 00 32 00 01 01 00 00 B0 00 35 00 F6    .....2.......5..
0500  00 00 00 B0 00 29 00 E1 00 00 00 B0 00 2D 00 18    .....).......-..
0510  00 00 00 B0 00 2A 00 1E 00 00 00 B0 00 2E 00 03    .....*..........
0520  00 00 00 B0 00 33 00 09 00 00 00 B0 00 34 00 22    .....3.......4."
0530  00 00 00 B0 00 2B 00 02 00 00 00 B0 00 2C 00 02    .....+.......,..
0540  00 00 00 B0 00 30 00 02 00 00 00 3A 01 01 00 B0    .....0.....:....
0550  00 06 00 1B 19 00 00 B0 00 08 00 EB 01 00 00 B0    ................
0560  00 05 00 1B 19 00 00 B0 00 07 00 EB 01 00 00 E9    ................
0570  01 64 85 1E 00 00 00 00 00 79 00 92 00 00 31 31    .d.......y....11
0580  31 32 00 00 00 00 00 00 00 00 00 00 00 00 00 00    12..............
0590  00 00 00 00 00 00 2D 2D 2D 2D 00 00 00 00 00 00    ......----......
05A0  00 00 00 00 00 00 00 00 00 00 00 00 00 00 61 6D    ..............am
05B0  61 74 73 75 2E 67 61 74 00 00 00 00 00 00 01 01    atsu.gat........
05C0  01 01 01 00 00 00 FB 00 A6 00 31 31 31 32 00 00    ..........1112..
05D0  00 00 00 00 00 00 00 00 00 00 00 00 00 00 00 00    ................
05E0  00 00 1C 85 1E 00 30 30 30 30 00 38 36 00 67 65    ......0000.86.ge
05F0  66 66 65 6E 00 30 00 34 30 31 31 00 63 6F 67 65    ffen.0.4011.coge
0600  66 66 65 6E 2E 67 61 74 00 00 00 00 00 00 01 01    ffen.gat........
0610  64 85 1E 00 2D 2D 2D 2D 00 39 30 00 61 6D 61 74    d...----.90.amat
0620  73 75 00 31 00 34 30 31 33 00 7D 57 61 6D 61 74    su.1.4013.}Wamat
0630  73 75 2E 67 61 74 00 00 00 00 00 00 00 00 35 86    su.gat........5.
0640  1E 00 6D 64 2E 48 6F 75 73 65 00 39 34 00 65 69    ..md.House.94.ei
0650  6E 5F 66 69 6C 64 30 34 00 30 65 69 6E 5F 66 69    n_fild04.0ein_fi
0660  6C 64 30 34 2E 67 61 74 00 00 01 01                ld04.gat....

12  192.168.13.68:56970  135.181.186.110:15121  6  Send  
0000  1D 02 00 00 00 00                                  ......

13  192.168.13.68:56970  135.181.186.110:15121  2  Send  
0000  7D 00                                              }.

14  192.168.13.68:56970  135.181.186.110:15121  8  Send  
0000  89 00 62 00 9C DF CD 02                            ..b.....

15  192.168.13.68:56970  135.181.186.110:15121  2  Send  
0000  4D 01                                              M.

16  192.168.13.68:56970  135.181.186.110:15121  6  Send  
0000  4F 01 00 00 00 00                                  O.....

17  192.168.13.68:56970  135.181.186.110:15121  6  Send  
0000  4F 01 00 00 00 00                                  O.....

18  192.168.13.68:56970  135.181.186.110:15121  6  Send  
0000  4F 01 01 00 00 00                                  O.....

19  135.181.186.110:15121  192.168.13.68:56970  2048  Recv  
0000  D7 01 64 85 1E 00 02 E4 04 00 00 EE 01 12 01 02    ..d.............
0010  00 96 02 02 01 09 00 00 00 00 00 00 00 00 00 00    ................
0020  00 09 00 08 04 03 01 03 00 00 00 00 00 00 00 00    ................
0030  00 00 00 0A 00 59 02 02 01 28 00 00 00 00 00 00    .....Y...(......
0040  00 00 00 00 00 0B 00 09 04 03 01 02 00 00 00 00    ................
0050  00 00 00 00 00 00 00 0D 00 05 02 00 01 0B 00 00    ................
0060  00 00 00 00 00 00 00 00 00 0E 00 CB 02 03 01 02    ................
0070  00 00 00 00 00 00 00 00 00 00 00 0F 00 90 02 02    ................
0080  01 01 00 00 00 00 00 00 00 00 00 00 00 10 00 99    ................
0090  1C 03 01 01 00 00 00 00 00 00 00 00 00 00 00 11    ................
00A0  00 F3 03 03 01 01 00 00 00 00 00 00 00 00 00 00    ................
00B0  00 12 00 9D 1C 03 01 01 00 00 00 00 00 00 00 00    ................
00C0  00 00 00 13 00 90 1C 03 01 02 00 00 00 00 00 00    ................
00D0  00 00 00 00 00 14 00 FF 01 00 01 01 00 00 00 00    ................
00E0  00 00 00 00 00 00 00 15 00 10 04 03 01 01 00 00    ................
00F0  00 00 00 00 00 00 00 00 00 16 00 E9 03 03 01 01    ................
0100  00 00 00 00 00 00 00 00 00 00 00 17 00 FB 01 00    ................
0110  01 01 00 00 00 00 00 00 00 00 00 00 00 A4 00 90    ................
0120  00 03 00 2F 0A 05 01 88 00 08 00 00 00 BB 0F 00    .../............
0130  00 00 00 00 00 04 00 2F 0A 05 01 88 00 80 00 00    ......./........
0140  00 BB 0F 00 00 00 00 00 00 05 00 C8 09 05 01 04    ................
0150  00 04 00 00 05 D8 0F 00 00 00 00 00 00 06 00 64    ...............d
0160  09 05 01 40 00 40 00 00 05 A9 0F 00 00 00 00 00    ...@.@..........
0170  00 07 00 1F 09 05 01 10 00 10 00 00 04 00 00 00    ................
0180  00 00 00 00 00 08 00 CD 13 05 01 00 01 00 01 00    ................
0190  04 00 00 00 00 00 00 00 00 0C 00 E4 04 04 01 22    ..............."
01A0  00 22 00 00 06 F6 0F 00 00 00 00 00 00 B0 00 19    ."..............
01B0  00 40 83 00 00 B0 00 18 00 7C 15 00 00 6C 01 03    .@.......|...l..
01C0  00 00 00 01 00 00 00 11 00 00 00 00 00 00 00 00    ................
01D0  53 61 67 72 61 64 61 56 65 72 64 61 64 00 00 00    SagradaVerdad...
01E0  00 00 00 00 00 00 00 00 78 00 E8 77 8E 06 C8 00    ........x..w....
01F0  00 00 00 00 00 00 2D 00 00 00 00 00 00 00 00 00    ......-.........
0200  00 00 00 00 00 00 00 00 00 00 00 00 00 00 00 00    ................
0210  00 00 00 00 00 00 18 07 50 00 00 00 01 00 78 00    ........P.....x.
0220  DF 77 8E 06 C8 00 00 00 00 00 00 00 2D 00 00 00    .w..........-...
0230  00 00 00 00 00 00 00 00 00 00 00 00 00 00 00 00    ................
0240  00 00 00 00 00 00 00 00 00 00 00 00 21 07 50 00    ............!.P.
0250  00 00 01 00 78 00 E9 77 8E 06 C8 00 00 00 00 00    ....x..w........
0260  00 00 2D 00 00 00 00 00 00 00 00 00 00 00 00 00    ..-.............
0270  00 00 00 00 00 00 00 00 00 00 00 00 00 00 00 00    ................
0280  00 00 25 48 C0 00 00 00 01 00 78 00 47 AB 8E 06    ..%H......x.G...
0290  C8 00 00 00 00 00 00 00 74 00 00 00 00 00 00 00    ........t.......
02A0  00 00 00 00 00 00 00 00 00 00 00 00 00 00 00 00    ................
02B0  00 00 00 00 00 00 00 00 19 89 54 00 00 00 01 00    ..........T.....
02C0  78 00 25 B4 8E 06 C8 00 00 00 00 00 00 00 78 03    x.%...........x.
02D0  00 00 00 00 00 00 00 00 00 00 00 00 00 00 00 00    ................
02E0  00 00 00 00 00 00 00 00 00 00 00 00 00 00 1F C9    ................
02F0  54 00 00 00 01 00 78 00 81 A3 8E 06 C8 00 00 00    T.....x.........
0300  00 00 00 00 FF 02 00 00 00 00 00 00 00 00 00 00    ................
0310  00 00 00 00 00 00 00 00 00 00 00 00 00 00 00 00    ................
0320  00 00 00 00 1C 0A 44 00 00 00 01 00 78 00 80 A3    ......D.....x...
0330  8E 06 C8 00 00 00 00 00 00 00 FF 02 00 00 00 00    ................
0340  00 00 00 00 00 00 00 00 00 00 00 00 00 00 00 00    ................
0350  00 00 00 00 00 00 00 00 00 00 1D CA 44 00 00 00    ............D...
0360  01 00 0F 01 10 04 01 00 00 00 00 00 09 00 00 00    ................
0370  00 00 4E 56 5F 42 41 53 49 43 00 00 00 00 00 00    ..NV_BASIC......
0380  00 00 00 00 00 00 00 00 00 00 00 30 00 00 00 00    ...........0....
0390  00 0A 00 00 00 01 00 54 46 5F 44 4F 55 42 4C 45    .......TF_DOUBLE
03A0  00 00 00 00 00 00 00 00 00 00 00 00 00 00 00 00    ................
03B0  31 00 00 00 00 00 0A 00 00 00 00 00 54 46 5F 4D    1...........TF_M
03C0  49 53 53 00 00 00 00 00 00 00 00 00 00 00 00 00    ISS.............
03D0  00 00 00 00 00 32 00 01 00 00 00 08 00 0A 00 01    .....2..........
03E0  00 54 46 5F 53 54 45 41 4C 00 00 00 00 00 00 00    .TF_STEAL.......
03F0  00 00 00 00 00 00 00 00 00 01 33 00 04 00 00 00    ..........3.....
0400  0A 00 0A 00 01 00 54 46 5F 48 49 44 49 4E 47 00    ......TF_HIDING.
0410  00 00 00 00 00 00 00 00 00 00 00 00 00 00 00 34    ...............4
0420  00 01 00 00 00 0A 00 0C 00 02 00 54 46 5F 50 4F    ...........TF_PO
0430  49 53 4F 4E 00 00 00 00 00 00 00 00 00 00 00 00    ISON............
0440  00 00 00 00 35 00 10 00 00 00 01 00 0A 00 09 00    ....5...........
0450  54 46 5F 44 45 54 4F 58 49 46 59 00 00 00 00 00    TF_DETOXIFY.....
0460  00 00 00 00 00 00 00 00 00 84 00 00 00 00 00 03    ................
0470  00 00 00 00 00 41 53 5F 52 49 47 48 54 00 00 00    .....AS_RIGHT...
0480  00 00 00 00 00 00 00 00 00 00 00 00 00 01 85 00    ................
0490  00 00 00 00 00 00 00 00 00 00 41 53 5F 4C 45 46    ..........AS_LEF
04A0  54 00 00 00 00 00 00 00 00 00 00 00 00 00 00 00    T...............
04B0  00 00 01 86 00 00 00 00 00 0A 00 00 00 00 00 41    ...............A
04C0  53 5F 4B 41 54 41 52 00 00 00 00 00 00 00 00 00    S_KATAR.........
04D0  00 00 00 00 00 00 00 00 87 00 04 00 00 00 03 00    ................
04E0  0F 00 00 00 41 53 5F 43 4C 4F 41 4B 49 4E 47 00    ....AS_CLOAKING.
04F0  00 00 00 00 00 00 00 00 00 00 00 00 01 88 00 01    ................
0500  00 00 00 0A 00 22 00 01 00 41 53 5F 53 4F 4E 49    ....."...AS_SONI
0510  43 42 4C 4F 57 00 00 00 00 00 00 00 00 00 00 00    CBLOW...........
0520  00 00 89 00 01 00 00 00 05 00 03 00 07 00 41 53    ..............AS
0530  5F 47 52 49 4D 54 4F 4F 54 48 00 00 00 00 00 00    _GRIMTOOTH......
0540  00 00 00 00 00 00 00 8A 00 10 00 00 00 06 00 14    ................
0550  00 01 00 41 53 5F 45 4E 43 48 41 4E 54 50 4F 49    ...AS_ENCHANTPOI
0560  53 4F 4E 00 00 00 00 00 00 00 00 01 8B 00 04 00    SON.............
0570  00 00 00 00 00 00 00 00 41 53 5F 50 4F 49 53 4F    ........AS_POISO
0580  4E 52 45 41 43 54 00 00 00 00 00 00 00 00 00 00    NREACT..........
0590  01 8C 00 02 00 00 00 00 00 00 00 00 00 41 53 5F    .............AS_
05A0  56 45 4E 4F 4D 44 55 53 54 00 00 00 00 00 00 00    VENOMDUST.......
05B0  00 00 00 00 00 01 8E 00 04 00 00 00 01 00 03 00    ................
05C0  00 00 4E 56 5F 46 49 52 53 54 41 49 44 00 00 00    ..NV_FIRSTAID...
05D0  00 00 00 00 00 00 00 00 00 00 00 95 00 01 00 00    ................
05E0  00 01 00 09 00 01 00 54 46 5F 53 50 52 49 4E 4B    .......TF_SPRINK
05F0  4C 45 53 41 4E 44 00 00 00 00 00 00 00 00 00 00    LESAND..........
0600  96 00 04 00 00 00 01 00 07 00 00 00 54 46 5F 42    ............TF_B
0610  41 43 4B 53 4C 49 44 49 4E 47 00 00 00 00 00 00    ACKSLIDING......
0620  00 00 00 00 00 97 00 04 00 00 00 01 00 03 00 00    ................
0630  00 54 46 5F 50 49 43 4B 53 54 4F 4E 45 00 00 00    .TF_PICKSTONE...
0640  00 00 00 00 00 00 00 00 00 00 98 00 01 00 00 00    ................
0650  01 00 02 00 07 00 54 46 5F 54 48 52 4F 57 53 54    ......TF_THROWST
0660  4F 4E 45 00 00 00 00 00 00 00 00 00 00 00 00 78    ONE............x
0670  01 00 00 00 00 05 00 00 00 00 00 41 53 43 5F 4B    ...........ASC_K
0680  41 54 41 52 00 00 00 00 00 00 00 00 00 00 00 00    ATAR............
0690  00 00 00 00 7A 01 04 00 00 00 05 00 64 00 00 00    ....z.......d...
06A0  41 53 43 5F 45 44 50 00 00 00 00 00 00 00 00 00    ASC_EDP.........
06B0  00 00 00 00 00 00 00 00 00 7B 01 01 00 00 00 01    .........{......
06C0  00 14 00 09 00 41 53 43 5F 42 52 45 41 4B 45 52    .....ASC_BREAKER
06D0  00 00 00 00 00 00 00 00 00 00 00 00 00 01 96 01    ................
06E0  04 00 00 00 00 00 00 00 00 00 41 53 43 5F 4D 45    ..........ASC_ME
06F0  54 45 4F 52 41 53 53 41 55 4C 54 00 00 00 00 00    TEORASSAULT.....
0700  00 00 01 97 01 04 00 00 00 01 00 32 00 00 00 41    ...........2...A
0710  53 43 5F 43 44 50 00 00 00 00 00 00 00 00 00 00    SC_CDP..........
0720  00 00 00 00 00 00 00 00 EB 03 00 00 00 00 01 00    ................
0730  00 00 00 00 41 53 5F 53 4F 4E 49 43 41 43 43 45    ....AS_SONICACCE
0740  4C 00 00 00 00 00 00 00 00 00 00 00 00 EC 03 01    L...............
0750  00 00 00 01 00 0F 00 09 00 41 53 5F 56 45 4E 4F    .........AS_VENO
0760  4D 4B 4E 49 46 45 00 00 00 00 00 00 00 00 00 00    MKNIFE..........
0770  00 00 B1 00 16 00 A0 CD BD 01 B1 00 17 00 E8 C8    ................
0780  29 01 B0 00 0C 00 08 00 00 00 BD 00 01 00 20 05    )............. .
0790  63 0B 01 02 02 02 14 03 48 09 E1 00 1E 00 02 00    c.......H.......
07A0  02 00 18 00 03 00 00 00 02 00 76 00 01 01 09 00    ..........v.....
07B0  22 00 00 00 00 00 41 01 0D 00 00 00 20 00 00 00    ".....A..... ...
07C0  08 00 00 00 41 01 0E 00 00 00 63 00 00 00 15 00    ....A.....c.....
07D0  00 00 41 01 0F 00 00 00 01 00 00 00 02 00 00 00    ..A.............
07E0  41 01 10 00 00 00 02 00 00 00 00 00 00 00 41 01    A.............A.
07F0  11 00 00 00 14 00 00 00 08 00 00 00 41 01 12 00    ............A...

20  135.181.186.110:15121  192.168.13.68:56970  2048  Recv  
0000  00 00 48 00 00 00 08 00 00 00 3A 01 01 00 B0 00    ..H.......:.....
0010  35 00 F6 00 00 00 96 01 A0 00 64 85 1E 00 01 8E    5.........d.....
0020  00 3C 00 41 75 74 6F 6C 6F 6F 74 69 6E 67 20 69    .<.Autolooting i
0030  74 65 6D 73 20 77 69 74 68 20 64 72 6F 70 20 72    tems with drop r
0040  61 74 65 73 20 6F 66 20 31 30 30 2E 30 30 25 20    ates of 100.00% 
0050  61 6E 64 20 62 65 6C 6F 77 2E 00 8E 00 1C 00 47    and below......G
0060  61 69 6E 65 64 20 65 78 70 20 69 73 20 6E 6F 77    ained exp is now
0070  20 73 68 6F 77 6E 00 8E 00 1D 00 47 61 69 6E 65     shown.....Gaine
0080  64 20 7A 65 6E 79 20 69 73 20 6E 6F 77 20 73 68    d zeny is now sh
0090  6F 77 6E 00 7F 00 28 D4 B4 B6 4E 01 D7 00 00 00    own...(...N.....
00A0  B6 01 03 00 00 00 18 00 00 00 03 00 00 00 10 00    ................
00B0  00 00 5C 00 00 00 09 57 28 11 80 5E 05 21 00 00    ..\....W(..^.!..
00C0  00 00 00 00 00 00 00 00 00 00 01 00 00 00 53 61    ..............Sa
00D0  67 72 61 64 61 56 65 72 64 61 64 00 00 00 00 00    gradaVerdad.....
00E0  00 00 00 00 00 00 2D 2D 2D 2D 00 00 00 00 00 00    ......----......
00F0  00 00 00 00 00 00 00 00 00 00 00 00 00 00 4E 6F    ..............No
0100  6E 65 20 54 61 6B 65 6E 00 00 00 00 00 00 00 00    ne Taken........
0110  00 00 4C 01 04 00 B6 01 03 00 00 00 18 00 00 00    ..L.............
0120  03 00 00 00 10 00 00 00 5C 00 00 00 09 57 28 11    ........\....W(.
0130  80 5E 05 21 00 00 00 00 00 00 00 00 00 00 00 00    .^.!............
0140  01 00 00 00 53 61 67 72 61 64 61 56 65 72 64 61    ....SagradaVerda
0150  64 00 00 00 00 00 00 00 00 00 00 00 2D 2D 2D 2D    d...........----
0160  00 00 00 00 00 00 00 00 00 00 00 00 00 00 00 00    ................
0170  00 00 00 00 4E 6F 6E 65 20 54 61 6B 65 6E 00 00    ....None Taken..
0180  00 00 00 00 00 00 00 00 4C 01 04 00 66 01 34 02    ........L...f.4.
0190  00 00 00 00 50 72 65 66 65 72 65 6E 63 65 72 00    ....Preferencer.
01A0  00 00 00 00 00 00 00 00 00 00 00 00 01 00 00 00    ................
01B0  45 78 65 63 75 74 6F 72 00 00 00 00 00 00 00 00    Executor........
01C0  00 00 00 00 00 00 00 00 02 00 00 00 49 6E 71 75    ............Inqu
01D0  69 73 69 74 6F 72 00 00 00 00 00 00 00 00 00 00    isitor..........
01E0  00 00 00 00 03 00 00 00 42 65 73 61 64 6F 00 00    ........Besado..
01F0  00 00 00 00 00 00 00 00 00 00 00 00 00 00 00 00    ................
0200  04 00 00 00 41 70 72 6F 62 61 64 6F 00 00 00 00    ....Aprobado....
0210  00 00 00 00 00 00 00 00 00 00 00 00 05 00 00 00    ................
0220  4F 74 6F 67 72 61 64 6F 00 00 00 00 00 00 00 00    Otogrado........
0230  00 00 00 00 00 00 00 00 06 00 00 00 44 69 63 68    ............Dich
0240  6F 73 6F 00 00 00 00 00 00 00 00 00 00 00 00 00    oso.............
0250  00 00 00 00 07 00 00 00 45 73 63 75 61 64 72 6F    ........Escuadro
0260  6E 00 00 00 00 00 00 00 00 00 00 00 00 00 00 00    n...............
0270  08 00 00 00 50 6F 73 69 74 69 6F 6E 20 36 00 00    ....Position 6..
0280  00 00 00 00 00 00 00 00 00 00 00 00 09 00 00 00    ................
0290  50 6F 73 69 74 69 6F 6E 20 31 30 00 00 00 00 00    Position 10.....
02A0  00 00 00 00 00 00 00 00 0A 00 00 00 50 6F 73 69    ............Posi
02B0  74 69 6F 6E 20 31 31 00 00 00 00 00 00 00 00 00    tion 11.........
02C0  00 00 00 00 0B 00 00 00 50 6F 73 69 74 69 6F 6E    ........Position
02D0  20 39 00 00 00 00 00 00 00 00 00 00 00 00 00 00     9..............
02E0  0C 00 00 00 50 6F 73 69 74 69 6F 6E 20 31 33 00    ....Position 13.
02F0  00 00 00 00 00 00 00 00 00 00 00 00 0D 00 00 00    ................
0300  50 6F 73 69 74 69 6F 6E 20 31 34 00 00 00 00 00    Position 14.....
0310  00 00 00 00 00 00 00 00 0E 00 00 00 50 6F 73 69    ............Posi
0320  74 69 6F 6E 20 31 35 00 00 00 00 00 00 00 00 00    tion 15.........
0330  00 00 00 00 0F 00 00 00 50 6F 73 69 74 69 6F 6E    ........Position
0340  20 31 36 00 00 00 00 00 00 00 00 00 00 00 00 00     16.............
0350  10 00 00 00 50 6F 73 69 74 69 6F 6E 20 31 37 00    ....Position 17.
0360  00 00 00 00 00 00 00 00 00 00 00 00 11 00 00 00    ................
0370  50 6F 73 69 74 69 6F 6E 20 31 38 00 00 00 00 00    Position 18.....
0380  00 00 00 00 00 00 00 00 12 00 00 00 50 6F 73 69    ............Posi
0390  74 69 6F 6E 20 31 39 00 00 00 00 00 00 00 00 00    tion 19.........
03A0  00 00 00 00 13 00 00 00 42 6C 69 73 73 66 75 6C    ........Blissful
03B0  00 00 00 00 00 00 00 00 00 00 00 00 00 00 00 00    ................
03C0  54 01 1C 06 64 85 1E 00 A2 00 00 00 01 00 00 00    T...d...........
03D0  01 00 AD 0F 5A 00 00 52 7C 02 00 00 00 00 00 00    ....Z..R|.......
03E0  00 00 00 00 00 00 00 00 00 00 00 00 00 00 00 00    ................
03F0  00 00 00 00 00 00 00 00 00 00 00 00 00 00 00 00    ................
0400  00 00 00 00 00 00 00 00 00 00 00 00 00 00 00 00    ................
0410  00 00 00 00 2D 2D 2D 2D 00 00 00 00 00 00 00 00    ....----........
0420  00 00 00 00 00 00 00 00 00 00 00 00 14 85 1E 00    ................
0430  44 00 00 00 01 00 00 00 01 00 A8 0F 61 00 8A FC    D...........a...
0440  91 02 00 00 00 00 01 00 00 00 00 00 00 00 00 00    ................
0450  00 00 00 00 00 00 00 00 00 00 00 00 00 00 00 00    ................
0460  00 00 00 00 00 00 00 00 00 00 00 00 00 00 00 00    ................
0470  00 00 00 00 00 00 00 00 00 00 00 00 46 69 72 73    ............Firs
0480  74 00 00 00 00 00 00 00 00 00 00 00 00 00 00 00    t...............
0490  00 00 00 00 1D 85 1E 00 4C 00 00 00 01 00 00 00    ........L.......
04A0  01 00 B2 0F 57 00 85 24 28 01 00 00 00 00 01 00    ....W..$(.......
04B0  00 00 00 00 00 00 00 00 00 00 00 00 00 00 00 00    ................
04C0  00 00 00 00 00 00 00 00 00 00 00 00 00 00 00 00    ................
04D0  00 00 00 00 00 00 00 00 00 00 00 00 00 00 00 00    ................
04E0  00 00 00 00 53 74 61 6C 6B 65 72 00 00 00 00 00    ....Stalker.....
04F0  00 00 00 00 00 00 00 00 00 00 00 00 1C 85 1E 00    ................
0500  4B 00 00 00 01 00 00 00 01 00 AB 0F 56 00 63 63    K...........V.cc
0510  12 01 00 00 00 00 01 00 00 00 00 00 00 00 00 00    ................
0520  00 00 00 00 00 00 00 00 00 00 00 00 00 00 00 00    ................
0530  00 00 00 00 00 00 00 00 00 00 00 00 00 00 00 00    ................
0540  00 00 00 00 00 00 00 00 00 00 00 00 30 30 30 30    ............0000
0550  00 00 00 00 00 00 00 00 00 00 00 00 00 00 00 00    ................
0560  00 00 00 00 1B 85 1E 00 4A 00 00 00 01 00 00 00    ........J.......
0570  01 00 A9 0F 57 00 58 7E 1E 01 00 00 00 00 01 00    ....W.X~........
0580  00 00 00 00 00 00 00 00 00 00 00 00 00 00 00 00    ................
0590  00 00 00 00 00 00 00 00 00 00 00 00 00 00 00 00    ................
05A0  00 00 00 00 00 00 00 00 00 00 00 00 00 00 00 00    ................
05B0  00 00 00 00 44 6F 63 74 6F 72 00 00 00 00 00 00    ....Doctor......
05C0  00 00 00 00 00 00 00 00 00 00 00 00 1A 85 1E 00    ................
05D0  49 00 00 00 01 00 00 00 01 00 A9 0F 60 00 6E A8    I...........`.n.
05E0  94 02 00 00 00 00 01 00 00 00 00 00 00 00 00 00    ................
05F0  00 00 00 00 00 00 00 00 00 00 00 00 00 00 00 00    ................
0600  00 00 00 00 00 00 00 00 00 00 00 00 00 00 00 00    ................
0610  00 00 00 00 00 00 00 00 00 00 00 00 4D 65 64 69    ............Medi
0620  63 00 00 00 00 00 00 00 00 00 00 00 00 00 00 00    c...............
0630  00 00 00 00 35 86 1E 00 EB 01 00 00 08 00 07 00    ....5...........
0640  01 00 08 00 5E 00 B0 46 A7 00 00 00 00 00 01 00    ....^..F........
0650  00 00 00 00 00 00 00 00 00 00 00 00 00 00 00 00    ................
0660  00 00 00 00 00 00 00 00 00 00 00 00 00 00 00 00    ................
0670  00 00 00 00 00 00 00 00 00 00 00 00 00 00 00 00    ................
0680  00 00 00 00 6D 64 2E 48 6F 75 73 65 00 00 00 00    ....md.House....
0690  00 00 00 00 00 00 00 00 00 00 00 00 15 85 1E 00    ................
06A0  46 00 00 00 01 00 00 00 01 00 A9 0F 60 00 6A B1    F...........`.j.
06B0  39 03 00 00 00 00 01 00 00 00 00 00 00 00 00 00    9...............
06C0  00 00 00 00 00 00 00 00 00 00 00 00 00 00 00 00    ................
06D0  00 00 00 00 00 00 00 00 00 00 00 00 00 00 00 00    ................
06E0  00 00 00 00 00 00 00 00 00 00 00 00 48 65 61 6C    ............Heal
06F0  00 00 00 00 00 00 00 00 00 00 00 00 00 00 00 00    ................
0700  00 00 00 00 16 85 1E 00 47 00 00 00 01 00 00 00    ........G.......
0710  01 00 AD 0F 61 00 91 A5 95 02 00 00 00 00 01 00    ....a...........
0720  00 00 00 00 00 00 00 00 00 00 00 00 00 00 00 00    ................
0730  00 00 00 00 00 00 00 00 00 00 00 00 00 00 00 00    ................
0740  00 00 00 00 00 00 00 00 00 00 00 00 00 00 00 00    ................
0750  00 00 00 00 41 73 61 6E 00 00 00 00 00 00 00 00    ....Asan........
0760  00 00 00 00 00 00 00 00 00 00 00 00 17 85 1E 00    ................
0770  48 00 00 00 01 00 00 00 01 00 AC 0F 5F 00 33 6E    H..........._.3n
0780  93 02 00 00 00 00 01 00 00 00 00 00 00 00 00 00    ................
0790  00 00 00 00 00 00 00 00 00 00 00 00 00 00 00 00    ................
07A0  00 00 00 00 00 00 00 00 00 00 00 00 00 00 00 00    ................
07B0  00 00 00 00 00 00 00 00 00 00 00 00 4C 61 7A 65    ............Laze
07C0  72 00 00 00 00 00 00 00 00 00 00 00 00 00 00 00    r...............
07D0  00 00 00 00 8D 85 1E 00 E1 00 00 00 01 00 05 00    ................
07E0  01 00 AA 0F 63 00 BC 74 A8 79 01 00 00 00 02 00    ....c..t.y......
07F0  00 00 00 00 00 00 00 00 00 00 00 00 00 00 00 00    ................

21  135.181.186.110:15121  192.168.13.68:56970  476  Recv  
0000  00 00 00 00 00 00 00 00 00 00 00 00 00 00 00 00    ................
0010  00 00 00 00 00 00 00 00 00 00 00 00 00 00 00 00    ................
0020  00 00 00 00 42 61 62 61 6A 00 00 00 00 00 00 00    ....Babaj.......
0030  00 00 00 00 00 00 00 00 00 00 00 00 B6 85 1E 00    ................
0040  0F 01 00 00 01 00 00 00 01 00 B1 0F 63 00 DC B3    ............c...
0050  4A 77 01 00 00 00 02 00 00 00 00 00 00 00 00 00    Jw..............
0060  00 00 00 00 00 00 00 00 00 00 00 00 00 00 00 00    ................
0070  00 00 00 00 00 00 00 00 00 00 00 00 00 00 00 00    ................
0080  00 00 00 00 00 00 00 00 00 00 00 00 2D 2D 2D 31    ............---1
0090  00 00 00 00 00 00 00 00 00 00 00 00 00 00 00 00    ................
00A0  00 00 00 00 83 85 1E 00 C8 00 00 00 16 00 04 00    ................
00B0  00 00 B5 0F 55 00 3E 08 0F 00 00 00 00 00 13 00    ....U.>.........
00C0  00 00 00 00 00 00 00 00 00 00 00 00 00 00 00 00    ................
00D0  00 00 00 00 00 00 00 00 00 00 00 00 00 00 00 00    ................
00E0  00 00 00 00 00 00 00 00 00 00 00 00 00 00 00 00    ................
00F0  00 00 00 00 47 79 70 73 79 00 00 00 00 00 00 00    ....Gypsy.......
0100  00 00 00 00 00 00 00 00 00 00 00 00 D0 85 1E 00    ................
0110  2F 01 00 00 03 00 08 00 00 00 B3 0F 5E 00 85 D8    /...........^...
0120  17 00 01 00 00 00 13 00 00 00 00 00 00 00 00 00    ................
0130  00 00 00 00 00 00 00 00 00 00 00 00 00 00 00 00    ................
0140  00 00 00 00 00 00 00 00 00 00 00 00 00 00 00 00    ................
0150  00 00 00 00 00 00 00 00 00 00 00 00 57 68 6F 72    ............Whor
0160  65 00 00 00 00 00 00 00 00 00 00 00 00 00 00 00    e...............
0170  00 00 00 00 84 85 1E 00 C9 00 00 00 01 00 00 00    ................
0180  01 00 B4 0F 51 00 18 C0 0D 00 00 00 00 00 13 00    ....Q...........
0190  00 00 00 00 00 00 00 00 00 00 00 00 00 00 00 00    ................
01A0  00 00 00 00 00 00 00 00 00 00 00 00 00 00 00 00    ................
01B0  00 00 00 00 00 00 00 00 00 00 00 00 00 00 00 00    ................
01C0  00 00 00 00 42 61 72 64 00 00 00 00 00 00 00 00    ....Bard........
01D0  00 00 00 00 00 00 00 00 00 00 00 00                ............

